0.00000;
0.06481;
0.13381;
0.20729;
0.28554;
0.36885;
0.45756;
0.55202;
0.65260;
0.75970;
0.87375;
0.99518;
1.12448;
1.26216;
1.40877;
1.56488;
1.73110;
1.90809;
2.09656;
2.29724;
2.51093;
2.73846;
2.98074;
3.23872;
3.51342;
3.80593;
4.11739;
4.44903;
4.80217;
5.17819;
5.57859;
6.00493;
6.45890;
6.94229;
7.45701;
8.00509;
8.58869;
9.21011;
9.87180;
10.57637;
11.32661;
12.12546;
12.97609;
13.88185;
14.84630;
15.87326;
16.96677;
18.13115;
19.37099;
20.69119;
22.09694;
23.59379;
25.18765;
26.88481;
28.69195;
30.61621;
32.66518;
34.84693;
37.17008;
39.64379;
42.27781;
45.08254;
48.06903;
51.24907;
54.63520;
58.24077;
62.08002;
66.16808;
70.52107;
75.15617;
80.09166;
85.34700;
90.94293;
96.90152;
103.24627;
110.00221;
117.19598;
124.85596;
133.01237;
141.69737;
150.94522;
160.79241;
171.27776;
182.44265;
194.33110;
206.99002;
220.46932;
234.82219;
250.10523;
266.37872;
283.70686;
302.15799;
321.80489;
342.72506;
365.00101;
388.72061;
413.97742;
440.87105;
469.50759;
500.00000;
