0.00000;
0.07981;
0.16598;
0.25903;
0.35951;
0.46801;
0.58517;
0.71168;
0.84828;
0.99578;
1.15506;
1.32705;
1.51276;
1.71330;
1.92983;
2.16365;
2.41613;
2.68876;
2.98315;
3.30103;
3.64428;
4.01493;
4.41515;
4.84731;
5.31397;
5.81786;
6.36197;
6.94951;
7.58393;
8.26898;
9.00871;
9.80746;
10.66997;
11.60131;
12.60698;
13.69290;
14.86549;
16.13166;
17.49888;
18.97521;
20.56936;
22.29073;
24.14948;
26.15658;
28.32385;
30.66408;
33.19108;
35.91975;
38.86618;
42.04776;
45.48325;
49.19292;
53.19864;
57.52404;
62.19464;
67.23798;
72.68381;
78.56426;
84.91400;
91.77050;
99.17418;
107.16873;
115.80130;
125.12280;
135.18822;
146.05692;
157.79301;
170.46573;
184.14980;
198.92596;
214.88134;
232.11007;
250.71377;
270.80216;
292.49373;
315.91644;
341.20842;
368.51887;
398.00887;
429.85237;
464.23718;
501.36612;
541.45820;
584.74988;
631.49651;
681.97383;
736.47957;
795.33522;
858.88794;
927.51257;
1001.61389;
1081.62898;
1168.02979;
1261.32594;
1362.06773;
1470.84938;
1588.31250;
1715.14994;
1852.10982;
2000.00000;
