1.47916;
1.88971;
2.17215;
2.40218;
2.60564;
2.79200;
2.96600;
3.14068;
3.30413;
3.46419;
3.62468;
3.77522;
3.93216;
4.07687;
4.22741;
4.37436;
4.51798;
4.66464;
4.79867;
4.94819;
5.08600;
5.22038;
5.36325;
5.49472;
5.62484;
5.76181;
5.88839;
6.00582;
6.13793;
6.25996;
6.37272;
6.48089;
6.59816;
6.70612;
6.80600;
6.89788;
6.99121;
7.08557;
7.17207;
7.25148;
7.32450;
7.39163;
7.45330;
7.52134;
7.58508;
7.64453;
7.70037;
7.75333;
7.80411;
7.85346;
7.90203;
7.95067;
7.99987;
8.05828;
8.11920;
8.18197;
8.24737;
8.31590;
8.38825;
8.46533;
8.54761;
8.64328;
8.75157;
8.86610;
8.98734;
9.11623;
9.25965;
9.42567;
9.60030;
9.78456;
9.99355;
10.22495;
10.46801;
10.74367;
11.04607;
11.36357;
11.72908;
12.10530;
12.53748;
12.98302;
13.49205;
14.02541;
14.61470;
15.25473;
15.93507;
16.69280;
17.51019;
18.38635;
19.33274;
20.37646;
21.49939;
22.70989;
24.01557;
25.42435;
26.94742;
28.60257;
30.39628;
32.33166;
34.42115;
36.67764;
